813
371
89
273
200
370
464
662
590
212
896
880
1
508
48
454
688
500
535
266
900
908
656
759
745
347
436
606
183
285
417
361
498
973
642
660
167
749
222
321
649
957
918
251
690
320
553
645
829
485
59
683
164
244
86
305
661
103
46
107
27
235
100
637
378
391
995
740
378
829
207
388
304
670
55
652
770
363
96
703
513
33
388
268
420
973
842
592
122
312
264
794
200
924
615
416
908
840
158
72
881
961
177
81
405
2
179
123
167
508
554
340
100
953
914
109
971
302
189
252
960
672
889
851
879
856
34
673
354
561
138
664
308
977
206
911
766
695
323
760
233
732
425
564
454
917
958
670
779
384
238
982
743
900
186
447
520
478
742
986
410
49
336
508
642
814
605
758
708
981
982
36
138
419
980
520
174
780
999
167
618
706
573
76
310
510
881
660
2
879
666
762
813
361
311
44
989
816
71
334
287
117
813
405
169
360
35
878
830
495
982
264
922
701
163
663
934
270
561
555
327
554
47
241
266
41
87
160
107
966
307
183
294
383
630
308
501
755
487
448
28
501
242
377
9
440
751
704
927
204
807
949
77
872
132
495
979
424
848
728
573
657
329
449
795
850
483
866
663
910
775
564
808
495
811
66
247
869
857
757
569
663
829
32
725
377
553
196
126
870
475
69
618
920
697
340
820
79
44
181
8
861
16
388
243
